[INFO] [1662541408.741603]: 当前完成标定数据组数：15
指令: r 记录一组相机数据,c 计算并保存,q  退出:c
header: 
  seq: 0
  stamp: 
    secs: 0
    nsecs:         0
  frame_id: ''
poses: 
  - 
    position: 
      x: 0.0256706103683
      y: -0.0029804718215
      z: 0.408110976219
    orientation: 
      x: 0.997906517122
      y: -0.0128450478739
      z: -0.0591156495501
      w: -0.0228676148524
  - 
    position: 
      x: 0.0286859627813
      y: 0.00999571289867
      z: 0.49904191494
    orientation: 
      x: 0.987460197325
      y: -0.0159094593293
      z: -0.043893761376
      w: 0.150806450509
  - 
    position: 
      x: 0.0653288662434
      y: 0.00552266323939
      z: 0.485430896282
    orientation: 
      x: 0.982480690383
      y: 0.0341618612993
      z: 0.0756553836167
      w: 0.166855995358
  - 
    position: 
      x: 0.0729677826166
      y: -0.00350070791319
      z: 0.431520760059
    orientation: 
      x: 0.983284762384
      y: 0.0574770373626
      z: 0.138336568504
      w: 0.103491352558
  - 
    position: 
      x: 0.0114232320338
      y: -0.00133387139067
      z: 0.34439650178
    orientation: 
      x: 0.983049375113
      y: -0.0335548942793
      z: 0.179645708136
      w: 0.0146770129141
  - 
    position: 
      x: 0.0315865017474
      y: -0.000889445072971
      z: 0.298941284418
    orientation: 
      x: 0.977849828254
      y: -0.00181606752007
      z: 0.175698246902
      w: -0.113738917341
  - 
    position: 
      x: 0.00772714614868
      y: 0.00313398172148
      z: 0.273691534996
    orientation: 
      x: 0.966130082628
      y: -0.0233350715334
      z: 0.182122027053
      w: -0.181327618248
  - 
    position: 
      x: -0.00216692872345
      y: -0.0165275409818
      z: 0.297525018454
    orientation: 
      x: 0.962743700466
      y: -0.0265130621567
      z: 0.137576254998
      w: -0.231288561778
  - 
    position: 
      x: -0.0360454954207
      y: 0.0394143275917
      z: 0.38011020422
    orientation: 
      x: 0.98669674484
      y: -0.0161707977929
      z: -0.00251741865507
      w: -0.16174579322
  - 
    position: 
      x: 0.00795752648264
      y: 0.0267645139247
      z: 0.411899924278
    orientation: 
      x: 0.97315586504
      y: 0.0116956260493
      z: -0.180959281198
      w: -0.141720193405
  - 
    position: 
      x: 0.00374528393149
      y: 0.0311776828021
      z: 0.453893363476
    orientation: 
      x: 0.970223991986
      y: -0.0118783901197
      z: -0.221323303278
      w: -0.0976744830998
  - 
    position: 
      x: -0.0120266368613
      y: 0.0056455633603
      z: 0.429093241692
    orientation: 
      x: 0.960158431418
      y: -0.0545237377216
      z: -0.27202335301
      w: -0.0335595592717
  - 
    position: 
      x: -0.0344096235931
      y: -0.00297348783351
      z: 0.446560114622
    orientation: 
      x: 0.963196070244
      y: -0.0611675814631
      z: -0.259636265758
      w: 0.0331793120374
  - 
    position: 
      x: -0.00409193057567
      y: -0.00408804276958
      z: 0.473055154085
    orientation: 
      x: 0.96701168819
      y: -0.0336088439442
      z: -0.241600057141
      w: 0.0734047198969
  - 
    position: 
      x: 0.0403220281005
      y: -0.0108274267986
      z: 0.460763722658
    orientation: 
      x: 0.9773614795
      y: 0.0280733578852
      z: -0.174595025821
      w: 0.116159381559
header: 
  seq: 0
  stamp: 
    secs: 0
    nsecs:         0
  frame_id: ''
poses: 
  - 
    position: 
      x: 1631.73
      y: 254.42
      z: 1154.09
    orientation: 
      x: 2.11
      y: 0.82
      z: 178.96
      w: 0.0
  - 
    position: 
      x: 1684.63
      y: 254.42
      z: 1154.09
    orientation: 
      x: 2.23
      y: -18.68
      z: 178.22
      w: 0.0
  - 
    position: 
      x: 1705.94
      y: 254.42
      z: 1154.09
    orientation: 
      x: -11.07
      y: -20.54
      z: 174.46
      w: 0.0
  - 
    position: 
      x: 1705.94
      y: 236.93
      z: 1154.09
    orientation: 
      x: -18.65
      y: -14.18
      z: 172.2
      w: 0.0
  - 
    position: 
      x: 1705.94
      y: 236.93
      z: 1154.09
    orientation: 
      x: -24.08
      y: -2.96
      z: -178.68
      w: 0.0
  - 
    position: 
      x: 1644.28
      y: 236.91
      z: 1146.2
    orientation: 
      x: -24.53
      y: 10.91
      z: 175.19
      w: 0.0
  - 
    position: 
      x: 1603.76
      y: 236.93
      z: 1145.88
    orientation: 
      x: -25.63
      y: 19.13
      z: 176.02
      w: 0.0
  - 
    position: 
      x: 1534.27
      y: 251.76
      z: 1145.59
    orientation: 
      x: -20.87
      y: 25.25
      z: 176.39
      w: 0.0
  - 
    position: 
      x: 1547.31
      y: 203.34
      z: 1210.54
    orientation: 
      x: -3.31
      y: 17.41
      z: 179.36
      w: 0.0
  - 
    position: 
      x: 1547.32
      y: 203.41
      z: 1204.47
    orientation: 
      x: 16.76
      y: 15.48
      z: 179.23
      w: 0.0
  - 
    position: 
      x: 1547.35
      y: 203.36
      z: 1204.53
    orientation: 
      x: 21.75
      y: 9.84
      z: -178.46
      w: 0.0
  - 
    position: 
      x: 1621.79
      y: 237.16
      z: 1159.57
    orientation: 
      x: 27.56
      y: 1.23
      z: -175.14
      w: 0.0
  - 
    position: 
      x: 1670.22
      y: 227.37
      z: 1144.7
    orientation: 
      x: 26.09
      y: -6.47
      z: -176.53
      w: 0.0
  - 
    position: 
      x: 1670.22
      y: 227.39
      z: 1144.68
    orientation: 
      x: 24.39
      y: -10.12
      z: 179.3
      w: 0.0
  - 
    position: 
      x: 1701.32
      y: 227.29
      z: 1144.66
    orientation: 
      x: 17.54
      y: -13.4
      z: 171.9
      w: 0.0
[INFO] [1662541413.412577]: hand eye calib start



输入CalPose为： 
[0.0256706103682518, -0.002980471821501851, 0.4081109762191772, 0.9979065171218957, -0.01284504787392354, -0.05911564955007464, -0.02286761485238535;
 0.02868596278131008, 0.009995712898671627, 0.4990419149398804, 0.9874601973249596, -0.01590945932930858, -0.04389376137598099, 0.1508064505088209;
 0.06532886624336243, 0.005522663239389658, 0.485430896282196, 0.9824806903829446, 0.03416186129932691, 0.07565538361669535, 0.1668559953583593;
 0.0729677826166153, -0.003500707913190126, 0.4315207600593567, 0.9832847623838181, 0.05747703736264167, 0.1383365685043656, 0.1034913525578283;
 0.01142323203384876, -0.001333871390670538, 0.3443965017795563, 0.9830493751131147, -0.03355489427929207, 0.1796457081355948, 0.01467701291410938;
 0.03158650174736977, -0.0008894450729712844, 0.2989412844181061, 0.9778498282539094, -0.001816067520065684, 0.1756982469023566, -0.113738917341431;
 0.007727146148681641, 0.00313398172147572, 0.2736915349960327, 0.9661300826280844, -0.02333507153339811, 0.1821220270533975, -0.1813276182481409;
 -0.002166928723454475, -0.01652754098176956, 0.297525018453598, 0.9627437004658391, -0.02651306215668264, 0.1375762549977955, -0.2312885617777069;
 -0.03604549542069435, 0.03941432759165764, 0.3801102042198181, 0.9866967448398847, -0.01617079779288539, -0.002517418655073574, -0.1617457932202021;
 0.007957526482641697, 0.0267645139247179, 0.4118999242782593, 0.9731558650395836, 0.0116956260492596, -0.1809592811978866, -0.1417201934048909;
 0.003745283931493759, 0.03117768280208111, 0.4538933634757996, 0.9702239919861898, -0.01187839011971413, -0.2213233032776394, -0.09767448309983427;
 -0.01202663686126471, 0.00564556336030364, 0.4290932416915894, 0.9601584314183541, -0.05452373772163515, -0.2720233530096197, -0.03355955927171916;
 -0.03440962359309196, -0.00297348783351481, 0.4465601146221161, 0.9631960702443126, -0.06116758146305429, -0.2596362657576948, 0.03317931203737721;
 -0.004091930575668812, -0.004088042769581079, 0.4730551540851593, 0.9670116881895479, -0.03360884394416053, -0.2416000571407012, 0.07340471989693761;
 0.04032202810049057, -0.01082742679864168, 0.4607637226581573, 0.9773614795004874, 0.02807335788515079, -0.1745950258214421, 0.116159381558618]
输入ToolPose为： 
[1631.73, 254.42, 1154.09, 2.11, 0.82, 178.96;
 1684.63, 254.42, 1154.09, 2.23, -18.68, 178.22;
 1705.94, 254.42, 1154.09, -11.07, -20.54, 174.46;
 1705.94, 236.93, 1154.09, -18.65, -14.18, 172.2;
 1705.94, 236.93, 1154.09, -24.08, -2.96, -178.68;
 1644.28, 236.91, 1146.2, -24.53, 10.91, 175.19;
 1603.76, 236.93, 1145.88, -25.63, 19.13, 176.02;
 1534.27, 251.76, 1145.59, -20.87, 25.25, 176.39;
 1547.31, 203.34, 1210.54, -3.31, 17.41, 179.36;
 1547.32, 203.41, 1204.47, 16.76, 15.48, 179.23;
 1547.35, 203.36, 1204.53, 21.75, 9.84, -178.46;
 1621.79, 237.16, 1159.57, 27.56, 1.23, -175.14;
 1670.22, 227.37, 1144.7, 26.09, -6.47, -176.53;
 1670.22, 227.39, 1144.68, 24.39, -10.12, 179.3;
 1701.32, 227.29, 1144.66, 17.54, -13.4, 171.9]
Homo_cam2gripper 矩阵为： 
[-0.003006102859899329, -0.02662249712765557, 0.9996410385694876, -0.3841144984035619;
 0.9998254479003222, -0.01851365827964213, 0.002513600609631686, -0.0460701746257258;
 0.01844009426537215, 0.9994741052692625, 0.0266735040759849, -0.4292147338819168;
 0, 0, 0, 1]
是否为旋转矩阵：1

第一组和第二组手眼数据验证：
[-0.08390333276715282, -0.004161303407258175, -0.9964652097813136, 1.660583558929682;
 -0.9960937768478346, 0.02796863109855088, 0.08375525893631881, 0.2824595261732689;
 0.02752123681052608, 0.9996001396700713, -0.006491709789649015, 1.574120065252475;
 0, 0, 0, 1]
[-0.05949601733909615, 0.003538718524925607, -0.9982222705349684, 1.662278848538767;
 -0.9977936611686018, 0.02930368800172237, 0.05957435355297907, 0.282475536153126;
 0.02946241084065591, 0.999564290749074, 0.001787458183380722, 1.574092806830353;
 0, 0, 0, 1]

标定板在相机中的位姿：
[0.9956404536322351, -0.01818099099211921, -0.09148518272125672, 0.02868596278131008;
 -0.04465884040249069, -0.9540086071775593, -0.296434082731791, 0.009995712898671627;
 -0.08188818635738682, 0.2992273867774772, -0.950661504394398, 0.4990419149398804;
 0, 0, 0, 1]
手眼系统反演的位姿为：
[0.9931386355809462, -0.01709287204133948, -0.1156870098230353, 0.02864797752224963;
 -0.05001071266019896, -0.9563144047175722, -0.2880307066076374, 0.009469256632640921;
 -0.105709881920451, 0.2918400127725023, -0.9506076097998112, 0.4974305778802454;
 0, 0, 0, 1]

----手眼系统测试----
机械臂下标定板XYZ为：
0: [1.660583558929682, 0.2824595261732689, 1.574120065252475, 1]
1: [1.662278848538767, 0.282475536153126, 1.574092806830353, 1]
2: [1.6612367853698, 0.2827987826819355, 1.573012637924724, 1]
3: [1.66113713965384, 0.2828762720959496, 1.572621967903478, 1]
4: [1.659540377319243, 0.2840061622075417, 1.573286820561238, 1]
5: [1.660517112187009, 0.283383861681799, 1.573695011574685, 1]
6: [1.660991208353831, 0.2834300437548262, 1.574228402315246, 1]
7: [1.660959474879198, 0.2833576832289321, 1.574913061624163, 1]
8: [1.660774471558545, 0.2830486872822028, 1.574087646356977, 1]
9: [1.659665507288071, 0.2819733719376661, 1.573904059270132, 1]
10: [1.660068869410494, 0.2821115471791637, 1.573945845432952, 1]
11: [1.659158980206323, 0.2814568710300849, 1.574219768078183, 1]
12: [1.659355956284685, 0.2818148110825626, 1.573970284695719, 1]
13: [1.660373510182303, 0.282253582787368, 1.573892104474175, 1]
14: [1.659695586400688, 0.2817977300346471, 1.573055077275424, 1]


20221107 1st

input list size:
15
输入CalPose为： 
[0.0044041289947927, -0.02490845881402493, 0.482961505651474, 0.9987519750213358, -0.01826039302527051, -0.04271360038459855, -0.01834662856572109;
 0.02234648354351521, -0.003333274973556399, 0.4772330224514008, 0.9828044012465612, -0.03104572826997596, -0.1794080202162058, -0.03073164376789261;
 -0.002765881828963757, 0.008231589570641518, 0.5110848546028137, 0.9831567827534006, -0.06684436606210235, -0.1700949449569618, 0.001510282035479201;
 0.05733845010399818, 0.000807110860478133, 0.5641534328460693, 0.9820993125046079, -0.09137636290457125, -0.1504504586495557, 0.06705192146722477;
 0.09433750063180923, -0.006771200336515903, 0.4792440831661224, 0.9883483325230513, -0.03101269880920205, -0.1049058840090414, 0.1058326112866704;
 0.1002472713589668, 0.01312374509871006, 0.5031032562255859, 0.9905008866055256, 0.06372731962753464, 0.001163758295738842, 0.1218419797663629;
 0.04213311895728111, 0.00198648264631629, 0.4712685644626617, 0.9829594046459936, 0.01647469422802692, 0.1671854192540447, 0.07462190601248471;
 0.04612526297569275, -0.0004126669082324952, 0.3819800317287445, 0.976939965873402, -0.09218583035491698, 0.1923476364443778, -0.009615743097234578;
 0.04285717383027077, -0.0007205621805042028, 0.4313178360462189, 0.969100694684523, -0.04840284201714459, 0.224260319200397, -0.0905997664388514;
 0.03069726750254631, -0.004193246830254793, 0.4406469762325287, 0.9732758959095729, 0.01670859757130828, 0.1698079579024265, -0.1536883555824126;
 -0.02468025498092175, 0.00145292398519814, 0.4349533915519714, 0.9796518481707949, -0.07175175545602246, 0.1034027234561913, -0.1563387947579471;
 0.02600383758544922, -0.00212207855656743, 0.3952908217906952, 0.981108412618695, -0.06009503283035784, 0.07453517648072659, -0.1681052562679997;
 0.03956934064626694, 0.0206522773951292, 0.4089275300502777, 0.9861932498034731, -0.06294186346558779, -0.01635096504912189, -0.1522952455183886;
 0.04211186990141869, 0.02129405178129673, 0.417020320892334, 0.964663192323051, -0.1044096804000803, -0.2008441065970602, -0.1348524707266504;
 0.02885523810982704, 0.03279407694935799, 0.443059891462326, 0.9639475638308307, -0.02771942319040641, -0.2534019738144601, -0.07631623306697832]
输入ToolPose为： 
[1544.32, 210.25, 1133.39, 2.12, 0.8100000000000001, 178.97;
 1544.69, 210.74, 1157.7, 18.06, 2.59, -178.67;
 1544.66, 210.9, 1157.72, 17.08, -1.9, -175.4;
 1528.35, 286.72, 1138.14, 14.57, -9.460000000000001, -173.76;
 1626.52, 302.54, 1136.81, 9.390000000000001, -11.37, 179.45;
 1622.29, 243.19, 1147.72, -1.6, -13.22, 169.36;
 1622.3, 243.07, 1147.82, -21.02, -9.529999999999999, 175.93;
 1657.55, 318.68, 1157.7, -24.75, 2.11, -173.38;
 1542.16, 321.23, 1172.1, -28.35, 10.18, 179.54;
 1464.54, 263.75, 1193.24, -23.05, 16.1, 171.5;
 1464.39, 263.71, 1193.27, -14.28, 18.07, -177.03;
 1502.17, 289.93, 1183.5, -10.79, 19.07, -177.78;
 1508.36, 288, 1205.14, -0.44, 16.97, -175.56;
 1508.32, 288.11, 1205.19, 21.69, 12.52, -167.71;
 1549.19, 206.34, 1200.84, 26.89, 7.58, -177.29]
Homo_cam2gripper 矩阵为： 
[0.0005542284474833181, -0.02194248301470875, 0.9997590811140338, -0.3736250930985063;
 0.9994376526414757, -0.03350695141437399, -0.001289453144479535, -0.04303405387302472;
 0.0335271727606879, 0.9991975838872229, 0.02191157321168369, -0.4258615609323644;
 0, 0, 0, 1]
是否为旋转矩阵：1

第一组和第二组手眼数据验证：
[-0.04743356863806994, 0.0001136192795293325, -0.99887438832764, 1.658494721392692;
 -0.9986212467477243, 0.0225068777002973, 0.04742410779555783, 0.2608323418274592;
 0.02248693198900973, 0.9997466816883381, -0.0009541189016475382, 1.571052519185574;
 0, 0, 0, 1]
[-0.04485653577517784, 0.0121177266725839, -0.9989199426873702, 1.657474761912552;
 -0.9987800910125423, 0.02012041076847019, 0.04509433298637189, 0.2596086776207994;
 0.02064512037329813, 0.9997241268323959, 0.01120041222346127, 1.570957627477537;
 0, 0, 0, 1]

标定板在相机中的位姿：
[0.9336978500765767, -0.07205076350004895, -0.3507378112514227, 0.02234648354351521;
 -0.0499967500344997, -0.9961834576550204, 0.07154609479542598, -0.003333274973556399;
 -0.3545541562982535, -0.04926668421507926, -0.9337366567068499, 0.4772330224514008;
 0, 0, 0, 1]
手眼系统反演的位姿为：
[0.9326498722602782, -0.07801127232877286, -0.3522477213021158, 0.02149258124143091;
 -0.05161668398771299, -0.9951509839776386, 0.08372715821315654, -0.003470194751231455;
 -0.3570713285983623, -0.05990626409637328, -0.9321541212777085, 0.4785742083822172;
 0, 0, 0, 1]

----手眼系统测试----
机械臂下标定板XYZ为：
0: [1.658494721392692, 0.2608323418274592, 1.571052519185574, 1]
1: [1.657474761912552, 0.2596086776207994, 1.570957627477537, 1]
2: [1.65862603641507, 0.2605413502306769, 1.5710116410168, 1]
3: [1.66001734657835, 0.2609274403012873, 1.570770098720993, 1]
4: [1.654822052391449, 0.2597489405125906, 1.568849805918068, 1]
5: [1.656591395029892, 0.2606875536008736, 1.568466460564559, 1]
6: [1.659612848264996, 0.2617773807907264, 1.56927708607566, 1]
7: [1.657727781697254, 0.2629144863607392, 1.570397733475871, 1]
8: [1.658666491010478, 0.2629915681655952, 1.571045406805394, 1]
9: [1.658368517875902, 0.2623776594901033, 1.571331228952926, 1]
10: [1.658122752448482, 0.2625676058332431, 1.572331221456467, 1]
11: [1.656905195724484, 0.2617244047742017, 1.572259995572326, 1]
12: [1.65644708531066, 0.2609798835522609, 1.571948124830548, 1]
13: [1.655041696774824, 0.2585130036155124, 1.572206989004418, 1]
14: [1.655898515658967, 0.2579485198242082, 1.571183857888966, 1]





