[INFO] [1767589678.136222996] [camera.camera]: RealSense ROS v4.56.4
[INFO] [1767589678.136381716] [camera.camera]: Built with LibRealSense v2.56.4
[INFO] [1767589678.136402725] [camera.camera]: Running with LibRealSense v2.56.4
[INFO] [1767589678.148896439] [camera.camera]: Device with serial number 213622073684 was found.

[INFO] [1767589678.148982068] [camera.camera]: Device with physical ID /sys/devices/pci0000:00/0000:00:14.0/usb4/4-2/4-2:1.0/video4linux/video0 was found.
[INFO] [1767589678.149000001] [camera.camera]: Device with name Intel RealSense D435I was found.
[INFO] [1767589678.149184549] [camera.camera]: Device with port number 4-2 was found.
[INFO] [1767589678.149203010] [camera.camera]: Device USB type: 3.2
[INFO] [1767589678.149215353] [camera.camera]: Resetting device...
 05/01 13:08:02,664 ERROR [127570561463872] (librealsense-exception.h:52) get_dev_capabilities: Cannot open '/dev/video0 Last Error: Permission denied
 05/01 13:08:02,665 ERROR [127570561463872] (librealsense-exception.h:52) get_dev_capabilities: Cannot open '/dev/video1 Last Error: Permission denied
 05/01 13:08:02,665 ERROR [127570561463872] (librealsense-exception.h:52) get_dev_capabilities: Cannot open '/dev/video2 Last Error: Permission denied
 05/01 13:08:02,665 ERROR [127570561463872] (librealsense-exception.h:52) get_dev_capabilities: Cannot open '/dev/video3 Last Error: Permission denied
 05/01 13:08:02,665 ERROR [127570561463872] (librealsense-exception.h:52) get_dev_capabilities: Cannot open '/dev/video4 Last Error: Permission denied
 05/01 13:08:02,665 ERROR [127570561463872] (librealsense-exception.h:52) get_dev_capabilities: Cannot open '/dev/video5 Last Error: Permission denied
[INFO] [1767589683.040045555] [hand_eye_calib_server]: Ready to calibration.
[INFO] [1767589684.177190627] [camera.camera]: Device with serial number 213622073684 was found.

[INFO] [1767589684.177312534] [camera.camera]: Device with physical ID /sys/devices/pci0000:00/0000:00:14.0/usb4/4-2/4-2:1.0/video4linux/video0 was found.
[INFO] [1767589684.177328473] [camera.camera]: Device with name Intel RealSense D435I was found.
[INFO] [1767589684.177495033] [camera.camera]: Device with port number 4-2 was found.
[INFO] [1767589684.177516093] [camera.camera]: Device USB type: 3.2
[INFO] [1767589684.177607337] [camera.camera]: getParameters...
[INFO] [1767589684.178025679] [camera.camera]: JSON file is not provided
[INFO] [1767589684.178050019] [camera.camera]: Device Name: Intel RealSense D435I
[INFO] [1767589684.178063809] [camera.camera]: Device Serial No: 213622073684
[INFO] [1767589684.178076415] [camera.camera]: Device physical port: /sys/devices/pci0000:00/0000:00:14.0/usb4/4-2/4-2:1.0/video4linux/video0
[INFO] [1767589684.178089146] [camera.camera]: Device FW version: 5.17.0.9
[INFO] [1767589684.178102328] [camera.camera]: Device Product ID: 0x0B3A
[INFO] [1767589684.178113975] [camera.camera]: Sync Mode: Off
[INFO] [1767589684.311981160] [camera.camera]: Stopping Sensor: Depth Module
[INFO] [1767589684.312078340] [camera.camera]: Stopping Sensor: RGB Camera
[INFO] [1767589684.312105446] [camera.camera]: Stopping Sensor: Motion Module
[INFO] [1767589684.328890355] [camera.camera]: Starting Sensor: Depth Module
[INFO] [1767589684.333377745] [camera.camera]: Open profile: stream_type: Infra(1), Format: Y8, Width: 848, Height: 480, FPS: 30
[INFO] [1767589684.333497395] [camera.camera]: Open profile: stream_type: Infra(2), Format: Y8, Width: 848, Height: 480, FPS: 30
[INFO] [1767589684.333516415] [camera.camera]: Open profile: stream_type: Depth(0), Format: Z16, Width: 848, Height: 480, FPS: 30
[INFO] [1767589684.334986189] [camera.camera]: Starting Sensor: RGB Camera
[INFO] [1767589684.339030616] [camera.camera]: Open profile: stream_type: Color(0), Format: RGB8, Width: 1280, Height: 720, FPS: 30
 05/01 13:08:04,364 WARNING [127570544678464] (ds-calib-parsers.cpp:36) IMU Calibration is not available, default intrinsic and extrinsic will be used.
[INFO] [1767589684.367097143] [camera.camera]: Starting Sensor: Motion Module
[INFO] [1767589684.368812427] [camera.camera]: Open profile: stream_type: Accel(0)Format: MOTION_XYZ32F, FPS: 100
[INFO] [1767589684.368879090] [camera.camera]: Open profile: stream_type: Gyro(0)Format: MOTION_XYZ32F, FPS: 200
[INFO] [1767589684.373986801] [camera.camera]: RealSense Node Is Up!
[WARN] [1767589685.329625288] [camera.camera]: XXX Hardware Notification:Motion Module failure,1.76759e+12,Error,Hardware Error
[WARN] [1767589685.329731446] [camera.camera]: Hardware Notification:Motion Module failure,1.76759e+12,Error,Hardware Error
[INFO] [launch]: All log files can be found below /home/bosch/.ros/log/2026-01-05-13-08-06-107243-bosch-2230659
[INFO] [launch]: Default logging verbosity is set to INFO
[INFO] [single-1]: process started with pid [2230661]
[single-1] [INFO] [1767589686.242949810] [aruco_single]: Threshold method: THRESH_ADAPTIVE
[single-1] [INFO] [1767589686.243245439] [aruco_single]: Marker size min: 0.02 of image area
[single-1] [INFO] [1767589686.243266166] [aruco_single]: Detection mode: 
[single-1] [INFO] [1767589686.250463531] [aruco_single]: ArUco node started with marker size of 0.100000 m and marker id to track: 123
[single-1] [INFO] [1767589686.250504140] [aruco_single]: ArUco node will publish pose to TF with camera_color_optical_frame as parent and aruco_marker_frame as child.
[single-1] [INFO] [1767589686.250515707] [aruco_single]: Setup of aruco_simple node is successful!
[INFO] [1767591498.931877573] [hand_eye_calib_server]: getTheCalibData
[INFO] [1767591498.931967174] [hand_eye_calib_server]: input list size: 15
输入CalPose为： 
[-0.04921028017997742, -0.03763338178396225, 0.512027382850647, 0.9993207143909381, -0.01104462717000155, 0.03338677598607379, 0.01102039877303246;
 -0.04921028017997742, -0.03763338178396225, 0.512027382850647, 0.9993207143909381, -0.01104462717000155, 0.03338677598607379, 0.01102039877303246;
 -0.04921028017997742, -0.03763338178396225, 0.512027382850647, 0.9993207143909381, -0.01104462717000155, 0.03338677598607379, 0.01102039877303246;
 -0.04921028017997742, -0.03763338178396225, 0.512027382850647, 0.9993207143909381, -0.01104462717000155, 0.03338677598607379, 0.01102039877303246;
 -0.04921028017997742, -0.03763338178396225, 0.512027382850647, 0.9993207143909381, -0.01104462717000155, 0.03338677598607379, 0.01102039877303246;
 -0.04921028017997742, -0.03763338178396225, 0.512027382850647, 0.9993207143909381, -0.01104462717000155, 0.03338677598607379, 0.01102039877303246;
 -0.04921028017997742, -0.03763338178396225, 0.512027382850647, 0.9993207143909381, -0.01104462717000155, 0.03338677598607379, 0.01102039877303246;
 -0.04921028017997742, -0.03763338178396225, 0.512027382850647, 0.9993207143909381, -0.01104462717000155, 0.03338677598607379, 0.01102039877303246;
 -0.04921028017997742, -0.03763338178396225, 0.512027382850647, 0.9993207143909381, -0.01104462717000155, 0.03338677598607379, 0.01102039877303246;
 -0.04921028017997742, -0.03763338178396225, 0.512027382850647, 0.9993207143909381, -0.01104462717000155, 0.03338677598607379, 0.01102039877303246;
 -0.04921028017997742, -0.03763338178396225, 0.512027382850647, 0.9993207143909381, -0.01104462717000155, 0.03338677598607379, 0.01102039877303246;
 -0.04921028017997742, -0.03763338178396225, 0.512027382850647, 0.9993207143909381, -0.01104462717000155, 0.03338677598607379, 0.01102039877303246;
 -0.04921028017997742, -0.03763338178396225, 0.512027382850647, 0.9993207143909381, -0.01104462717000155, 0.03338677598607379, 0.01102039877303246;
 -0.04921028017997742, -0.03763338178396225, 0.512027382850647, 0.9993207143909381, -0.01104462717000155, 0.03338677598607379, 0.01102039877303246;
 -0.04921028017997742, -0.03763338178396225, 0.512027382850647, 0.9993207143909381, -0.01104462717000155, 0.03338677598607379, 0.01102039877303246]
输入ToolPose为： 
[774.98, -255.44, 1410.97, 156.98, 0.72, -179.21;
 754.22, -362.85, 1410.97, 171.74, 0.72, -179.21;
 740.28, -268.62, 1556.79, 170.56, -10.56, -177.55;
 727.09, -212.2, 1390.2, 163.15, 4.82, 179.91;
 816.1799999999999, -212.2, 1390.2, 162.79, -3.63, 177;
 816.1799999999999, -359.71, 1433.15, 168.87, 0.33, 176.22;
 816.1799999999999, -501.99, 1297.33, 171.61, 4.1, 175.67;
 700.76, -343.09, 1685.24, 163.87, -8.039999999999999, 179.16;
 825.4, -130.49, 1685.24, 150.63, -12.81, -178.14;
 820.27, 32.75, 1526.86, 152.62, -6.73, 178.43;
 767.3200000000001, -318.92, 1072.72, 171.43, 19.02, -169.19;
 758.49, -319.11, 1408.93, 160.84, -9.75, 144.28;
 758.49, -319.11, 1470.35, 171.12, -7.37, -145.94;
 758.49, -319.11, 1179.86, 177.39, 13.88, 175.38;
 731.12, -12.29, 1179.86, 144.29, 15.4, -161.9]
Homo_cam2gripper 矩阵为： 
[1, -1.273457116824691e-17, 1.388560531903761e-17, -0.8175393051548504;
 1.273457116824691e-17, 1, 8.725997245916549e-18, 0.1033282147619085;
 -1.388560531903761e-17, -8.725997245916549e-18, 1, 0.1034666054109125;
 0, 0, 0, 1]
是否为旋转矩阵：1

第一组和第二组手眼数据验证：
[-0.9259531968188408, -0.3698607993743046, -0.07624740249457354, 1.602143296948316;
 0.3692396492141368, -0.9290591410658035, 0.02260959642039108, -0.5447392027986269;
 -0.07920074967568333, -0.007218136066340499, 0.9968325535226756, 0.8055690124009648;
 0, 0, 0, 1]
[-0.989469572303565, -0.1209588716878412, -0.07949161493770526, 1.627793106608133;
 0.1211495222285659, -0.9926312758883494, 0.002437907311210938, -0.4318657660925767;
 -0.07920074967568333, -0.007218136066340499, 0.9968325535226756, 0.8055690124009648;
 0, 0, 0, 1]

标定板在相机中的位姿：
[0.9975266787998628, -0.0228101205976399, 0.06648476126780119, -0.04921028017997742;
 -0.02133837825719015, -0.9995131340431183, -0.02276331453582873, -0.03763338178396225;
 0.06697162605065272, 0.02128833656313055, -0.9975277480002784, 0.512027382850647;
 0, 0, 0, 1]
手眼系统反演的位姿为：
[0.970313304282907, 0.2326227233057327, 0.06617220060880172, -0.04004327849017256;
 0.2332837555767211, -0.9724058973902742, -0.002336686679169864, -0.1530115155045933;
 0.06380267169647033, 0.01770421764553662, -0.9978054819261881, 0.5135031160863014;
 0, 0, 0, 1]

----手眼系统测试----
机械臂下标定板XYZ为：
0: [1.602143296948316, -0.5447392027986269, 0.8055690124009648, 1]
1: [1.627793106608133, -0.4318657660925767, 0.8055690124009648, 1]
2: [1.475583782668275, -0.351012451540812, 0.7906677281223062, 1]
3: [1.622505311545101, -0.413742730635685, 0.8498154592119441, 1]
4: [1.63443784517095, -0.3632474757079191, 0.7253374102548142, 1]
5: [1.690546306944258, -0.4235662504718131, 0.8283281709457258, 1]
6: [1.730857897329943, -0.5237057558601295, 0.7520811811771487, 1]
7: [1.463402284967629, -0.4858753600004591, 0.9555876235267167, 1]
8: [1.465075945630324, -0.438067295644224, 0.8911276678137074, 1]
9: [1.558737295851924, -0.2567623287680201, 0.8160490766225652, 1]
10: [1.768813266808015, -0.5213286645109371, 0.7719784607784852, 1]
11: [1.627042459093349, -0.1840148665275426, 0.807457278208586, 1]
12: [1.493676983358075, -0.7277850205245677, 0.8169830805402566, 1]
13: [1.750047150251755, -0.2491327965247704, 0.7973405715749572, 1]
14: [1.465022044129308, -0.6984404711876505, 0.8263224138001659, 1]
[INFO] [1767591605.483691900] [rclcpp]: signal_handler(signum=15)
[INFO] [1767591605.530019129] [rclcpp]: signal_handler(signum=15)
[INFO] [1767591605.531935685] [camera.camera]: Stop Sensor: Depth Module
[INFO] [1767591605.532932503] [camera.camera]: Close Sensor. 
[INFO] [1767591605.538385521] [camera.camera]: Close Sensor - Done. 
[INFO] [1767591605.538435197] [camera.camera]: Stop Sensor: RGB Camera
[INFO] [1767591605.538449446] [camera.camera]: Close Sensor. 
[INFO] [1767591605.543957260] [camera.camera]: Close Sensor - Done. 
[INFO] [1767591605.544016150] [camera.camera]: Stop Sensor: Motion Module
[INFO] [1767591605.544416534] [camera.camera]: Close Sensor. 
[INFO] [1767591605.548128931] [rclcpp]: signal_handler(signum=15)
[INFO] [1767591605.920104953] [camera.camera]: Close Sensor - Done. 
