输入CalPose为： 
[0.0151427024975419, -0.02073464915156364, 0.4341591596603394, 0.999946504283115, -0.00960038207557039, 0.001911536774556211, 0.00334174552305427;
 -0.01823889277875423, -0.02040226012468338, 0.3503788113594055, 0.9816018848777659, -0.006479381617337107, -0.190678596477091, 0.007578262584584314;
 -0.03606300055980682, -0.02230644971132278, 0.388480544090271, 0.9722611116703483, -0.0680955696033553, -0.207280063036232, 0.08429887070197681;
 -0.06585723161697388, 0.001055965200066566, 0.4241067469120026, 0.9518691256141855, -0.159732243108538, -0.2115635665975805, 0.153855891998039;
 -0.02787095494568348, -0.02012608014047146, 0.3669058084487915, 0.9788810691456158, -0.05332547912908259, -0.07400181741862169, 0.1829534825105304;
 0.001508232555352151, -0.0002245017240056768, 0.3473066687583923, 0.9771375228698184, -0.009027710982780329, 0.09836214910416805, 0.1882701502040516;
 0.02237492054700851, -0.002963012550026178, 0.3473462164402008, 0.9654281651308202, 0.03250017302615481, 0.1731012383028653, 0.1921670055535615;
 -0.01569001190364361, -0.002551504410803318, 0.3319414258003235, 0.9486320968475963, 0.0102170854863379, 0.2715648552588944, 0.1620039671826379;
 -0.01596420630812645, 0.00269689317792654, 0.3065300285816193, 0.9609494501249878, -0.01875580445032461, 0.2695799907915966, 0.05959029005389627;
 -0.01355403661727905, 0.01048588939011097, 0.2790130972862244, 0.9574567807309202, -0.03764886393840537, 0.2859950716151927, -0.00811757897103318;
 -0.007233243901282549, 0.01800606586039066, 0.3443905711174011, 0.9528096834763888, -0.07346167992124092, 0.2823933031130357, -0.08373237733208042;
 -0.007350091356784105, 0.0210544727742672, 0.3189231753349304, 0.943979794499728, -0.09319983926243064, 0.277083977876309, -0.1531026020090767;
 0.0124980378895998, 0.01869017072021961, 0.3732579052448273, 0.9802548443340684, -0.07536702763225993, 0.1140628845783172, -0.1428632551328126;
 -0.05202169716358185, 0.01726307719945908, 0.3520238101482391, 0.9703595528984068, -0.1007530695289028, -0.08230979727935718, -0.2036571981323993;
 -0.02066541835665703, 0.01057764422148466, 0.4046673476696014, 0.9871824029554804, -0.04076115960410654, -0.1362578026241677, -0.07241023675424291]
输入ToolPose为： 
[1646.28, 778.01, 1337.43, -179.81, -1.04, 179.79;
 1750.09, 749.41, 1335.61, -157.29, -0.88, 179.4;
 1751.19, 751.4299999999999, 1325.24, -155.61, 8.970000000000001, 174.13;
 1751.19, 751.46, 1325.3, -156.67, 18.81, 164.98;
 1794.51, 759.14, 1339.07, -170.91, 19.41, 175.82;
 1791.08, 758.84, 1366.93, 169.2, 19.42, 178.02;
 1791.01, 758.6900000000001, 1367.22, 160.94, 20.61, -178.49;
 1770.3, 723.49, 1365.85, 148.94, 16.94, 178;
 1757.91, 730.95, 1361.45, 149.37, 4.61, 178.08;
 1757.91, 730.95, 1361.45, 147.46, -3.26, 178.21;
 1686.48, 788.62, 1374.98, 147.77, -12.82, 176.7;
 1686.48, 788.62, 1374.98, 148.28, -21.18, 176.55;
 1655.07, 808.41, 1389.92, 167.69, -19.16, 174.61;
 1664.29, 737.55, 1373.88, -166.77, -24.13, 166.06;
 1664.29, 737.55, 1373.88, -163.27, -9.720000000000001, 174.39]
Homo_cam2gripper 矩阵为： 
[-0.0007227023278066902, 0.008430516698972896, -0.999964201403997, 0.3496382475050592;
 -0.9999993080340195, -0.0009343018017391458, 0.0007148507714338038, 0.03950218878951309;
 -0.0009282417936805295, 0.9999640260871046, 0.008431186087429321, -0.1905978295080457;
 0, 0, 0, 1]
是否为旋转矩阵：1

第一组和第二组手眼数据验证：
[0.008384010801691936, 0.0331496463557245, -0.9994152336788584, 1.734648526322577;
 -0.9998315427501052, 0.01659722027889716, -0.00783698927894518, 0.8022310314147115;
 0.01632772136036284, 0.9993125803398578, 0.03328321333156094, 1.543633000539868;
 0, 0, 0, 1]
[0.01382324404361638, 0.03781278590931879, -0.9991892268964306, 1.73230995646744;
 -0.9997820259472637, 0.01615966085323088, -0.01321990748429967, 0.8024899524327443;
 0.0156466775034035, 0.9991541715785833, 0.03802792263876534, 1.544196158087109;
 0, 0, 0, 1]

标定板在相机中的位姿：
[0.9271993809187673, -0.009830321470114124, -0.3744391443260827, -0.01823889277875423;
 -0.01561037136356768, -0.9998011751001121, -0.01240671488858662, -0.02040226012468338;
 -0.374242734504955, 0.01734863245991983, -0.9271684855634517, 0.3503788113594055;
 0, 0, 0, 1]
手眼系统反演的位姿为：
[0.9251358363527008, -0.01203803478896933, -0.3794453452269618, -0.01709068799257135;
 -0.01615179537938377, -0.9998402103545375, -0.007659847532210846, -0.01989911217689121;
 -0.3792925042787048, 0.0132151230268116, -0.9251824451000868, 0.3524480052593502;
 0, 0, 0, 1]

----手眼系统测试----
机械臂下标定板XYZ为：
0: [1.734648526322577, 0.8022310314147115, 1.543633000539868, 1]
1: [1.73230995646744, 0.8024899524327443, 1.544196158087109, 1]
2: [1.733246172641689, 0.8026188032887929, 1.544928860011634, 1]
3: [1.733252976701986, 0.8023941155833184, 1.545172504421645, 1]
4: [1.732886689958011, 0.8022882692865668, 1.544788615275285, 1]
5: [1.733094674162297, 0.8022011071710435, 1.544497468591523, 1]
6: [1.733064168734638, 0.8024055907244774, 1.544383512815345, 1]
7: [1.732990498051996, 0.8028766156816255, 1.54451027968084, 1]
8: [1.733151537722747, 0.803070139801257, 1.544439832753449, 1]
9: [1.732613810745875, 0.8036345424503994, 1.544505999902643, 1]
10: [1.734112110438107, 0.8024703556958329, 1.543995953874789, 1]
11: [1.733437999357186, 0.8030161235555563, 1.544084012766188, 1]
12: [1.733824210097641, 0.8027692474399947, 1.54335818820798, 1]
13: [1.729824848545238, 0.8022927479440318, 1.544017399518816, 1]
14: [1.73314451594721, 0.803037220591682, 1.543654418164472, 1]
